image_width: 640
image_height: 480
camera_name: camera
camera_matrix:
  rows: 3
  cols: 3
  data: [303.956264, 0.000000, 303.260760, 0.000000, 304.898744, 227.502228, 0.000000, 0.000000, 1.000000]
distortion_model: plumb_bob
distortion_coefficients:
  rows: 1
  cols: 5
  data: [-0.255968, 0.040199, 0.000081, 0.000368, 0.000000]
rectification_matrix:
  rows: 3
  cols: 3
  data: [1.000000, 0.000000, 0.000000, 0.000000, 1.000000, 0.000000, 0.000000, 0.000000, 1.000000]
projection_matrix:
  rows: 3
  cols: 4
  data: [210.004135, 0.000000, 307.491564, 0.000000, 0.000000, 237.314163, 217.964092, 0.000000, 0.000000, 0.000000, 1.000000, 0.000000]
