image_width: 640
image_height: 480
camera_name: camera
camera_matrix:
  rows: 3
  cols: 3
  data: [296.627875, 0.000000, 320.823575, 0.000000, 295.567714, 265.923258, 0.000000, 0.000000, 1.000000]
distortion_model: plumb_bob
distortion_coefficients:
  rows: 1
  cols: 5
  data: [-0.231971, 0.032682, -0.000558, -0.004484, 0.000000]
rectification_matrix:
  rows: 3
  cols: 3
  data: [1.000000, 0.000000, 0.000000, 0.000000, 1.000000, 0.000000, 0.000000, 0.000000, 1.000000]
projection_matrix:
  rows: 3
  cols: 4
  data: [209.047409, 0.000000, 322.506221, 0.000000, 0.000000, 229.504272, 283.636899, 0.000000, 0.000000, 0.000000, 1.000000, 0.000000]
