image_width: 960
image_height: 720
camera_name: camera
camera_matrix:
  rows: 3
  cols: 3
  data: [1337.251467, 0.000000, 455.148449, 0.000000, 1337.680049, 322.312613, 0.000000, 0.000000, 1.000000]
distortion_model: plumb_bob
distortion_coefficients:
  rows: 1
  cols: 5
  data: [0.061984, -0.202298, -0.004702, -0.005215, 0.000000]
rectification_matrix:
  rows: 3
  cols: 3
  data: [1.000000, 0.000000, 0.000000, 0.000000, 1.000000, 0.000000, 0.000000, 0.000000, 1.000000]
projection_matrix:
  rows: 3
  cols: 4
  data: [1345.462036, 0.000000, 452.037666, 0.000000, 0.000000, 1347.497925, 320.263352, 0.000000, 0.000000, 0.000000, 1.000000, 0.000000]
